-6543
-3871
-955
1300
4305
6880
8710
8261
6129
4835
2990
1081
-1803
-5009
-6513
-6791
-5348
-5179
-5246
-3883
-1743
1785
3724
4510
5120
7064
9591
9628
7331
3880
1511
-1872
-7380
-12915
-16461
-16653
-14813
-12970
-10193
-5547
1252
7964
11974
14248
16028
16753
15160
9836
2623
-3163
-6548
-7995
-9490
-9672
-7861
-2857
3544
9131
14079
17527
21612
24401
24076
21049
16487
13010
8907
3835
-1877
-7068
-9583
-10751
-11049
-11502
-9673
-5384
-342
2024
1569
1537
2592
3617
1629
-3351
-7355
-8565
-9163
-11109
-14916
-16640
-15448
-13351
-12273
-11363
-8311
-2473
3121
6371
7843
9469
10997
11253
9192
4988
1000
-1620
-3791
-6716
-9963
-11296
-8235
-3351
792
3266
6544
12010
16682
17538
15640
13485
11933
8606
2769
-3359
-8047
-10239
-11446
-11744
-12027
-11971
-11052
-8764
-5534
-2914
-346
2203
5925
9501
10760
9258
6956
4776
1404
-3733
-10039
-14586
-16280
-16534
-15699
-13542
-9076
-3414
2079
6053
9024
12564
15601
18011
17132
14443
10854
7565
5253
2378
-552
-2822
-1660
614
3919
7874
12072
15969
17213
16909
16162
14703
12274
8728
4774
1906
-1036
-5179
-10207
-13677
-14765
-14979
-14540
-13989
-12018
-8875
-5394
-2170
68
1927
2176
677
-2803
-6646
-10617
-13967
-15781
-16757
-16453
-14788
-11722
-7859
-3562
987
5438
9872
13582
15937
16540
15897
13890
11411
9201
6056
3698
982
-309
-487
-1432
-1738
-1816
-238
1980
4326
6969
9039
10705
11042
10484
9421
6829
3549
78
-4054
-7313
-9333
-10244
-10917
-11582
-11007
-9399
-7272
-5747
-4821
-4211
-2893
-759
245
-175
-1622
-3352
-5241
-8077
-10576
-12647
-12366
-10034
-7614
-4693
-774
4919
8933
10579
11153
12743
14596
14047
10991
6143
3493
2601
2069
997
-201
-202
1207
3487
5353
7472
10400
13552
15207
14074
11783
9268
5849
1924
-3413
-9401
-14334
-17860
-20088
-20815
-19870
-16905
-11766
-5514
418
4932
7479
9605
11221
10584
6980
2727
-1064
-4374
-7490
-11293
-13812
-14110
-12665
-9944
-7375
-4179
-687
3227
6911
9080
11411
13085
15671
17291
17337
15509
12328
9321
5583
1635
-2325
-4004
-4063
-3733
-3067
-1807
402
4053
6848
8907
9401
9285
8810
6713
4061
610
-2552
-5859
-7272
-8196
-9842
-11738
-12559
-11024
-9866
-8627
-7430
-5743
-3940
-2497
-1577
-2354
-3516
-5515
-7865
-10154
-12344
-13337
-13941
-12655
-10243
-7968
-5032
-1523
2658
6310
9682
12712
16032
18240
17094
13217
8255
4457
730
-3062
-5771
-6494
-4661
-2289
170
3220
7346
11312
13674
14735
14531
13853
11428
7698
4153
470
-3421
-7225
-10773
-13145
-13976
-14458
-14031
-12895
-10351
-7255
-4243
-1113
1529
3910
4639
4194
3628
3359
2550
123
-2849
-5358
-5384
-5154
-5023
-4132
-2252
1970
5469
6954
8038
9397
11434
12775
12158
11190
-1323
-447
-106
1057
2938
4385
5154
4732
4282
3764
2153
75
-2226
-3174
-3309
-3582
-3987
-4081
-2649
-588
1893
3941
5862
7886
8971
8099
5985
3559
1630
-134
-1834
-2374
-2713
-2518
-2199
-1809
-1096
-433
1040
1860
1885
2506
3889
5240
4014
656
-2867
-5573
-8150
-11550
-14145
-14753
-12143
-7520
-4036
-1579
471
2347
3789
3213
1902
1003
1205
2061
1036
-1120
-2429
-1963
-1096
-1457
-950
908
3532
5562
6561
7399
7940
8242
8573
8247
7268
6036
5174
5067
4370
2635
189
-1230
-1337
-1552
-2044
-2275
-1104
918
942
-344
-1869
-2086
-1827
-2384
-3789
-4812
-4240
-3589
-2990
-3171
-3166
-1985
-844
-127
-121
-727
-707
-158
-144
-323
-1000
-1538
-842
-504
-330
223
1061
2200
2605
2279
2465
3063
4220
4855
4839
4940
5421
6809
7678
7817
7415
7488
7349
5283
1959
-1754
-3109
-3271
-4075
-5885
-8114
-8291
-7303
-7419
-8683
-9798
-10110
-9798
-9201
-8651
-7511
-5886
-4476
-3108
-3184
-4176
-5588
-6778
-7563
-9023
-9540
-9066
-6664
-3718
-2086
-306
1858
5491
8634
9695
9432
8045
6997
5602
4310
3507
4022
6135
8208
10876
13178
15154
16581
17010
16491
14385
11735
9525
7363
4558
1035
-1595
-3267
-4634
-5585
-6991
-7190
-6288
-4192
-2048
-577
297
1055
1745
1465
342
-1709
-3705
-4918
-5653
-6810
-7822
-8508
-8254
-7760
-7529
-6752
-4850
-2678
-1216
-750
-100
1103
2464
2989
2746
3465
3970
3645
1836
-365
-2014
-3013
-3623
-3814
-2174
110
3083
5068
5284
5234
5109
5421
4113
1765
-62
-1423
-2555
-4474
-6672
-7305
-7530
-8925
-10633
-12550
-12550
-11450
-10481
-9542
-8558
-5868
-2372
384
1062
-318
-1489
-2019
-2501
-4377
-6608
-6306
-4279
-1941
-217
2139
6518
10948
12884
12170
10510
10038
9469
7635
4389
1730
1056
1488
2530
3530
5089
7923
11425
14407
16976
18161
18803
19107
18225
15986
11801
7514
4455
1028
-2808
-6965
-10383
-11570
-11308
-10803
-9783
-7958
-4473
-1018
1062
2018
1385
1128
711
-776
-3447
-6801
-8714
-10100
-13347
-16734
-18564
-17082
-14345
-12744
-11667
-9020
-3814
76
1048
87
650
2110
2148
1033
240
1624
3577
5015
5439
5428
6241
7177
7756
7144
6203
6016
6136
6374
4865
2788
904
-16
-1528
-4352
-6514
-7417
-7178
-7207
-7097
-5690
-4253
-4219
-4187
-4176
-3324
-3223
-4612
-6134
-6741
-6830
-7228
-8449
-9217
-9010
-8102
-7291
-6848
-4940
-2772
-606
1511
4100
6915
9612
11127
11795
11988
12379
12940
12729
11246
8662
6550
4923
4084
3382
3567
5343
8005
10637
12346
14138
15536
16282
15455
13162
10980
8896
6969
3345
-851
-4774
-8930
-12729
-15550
-16339
-15215
-13282
-10888
-8598
-6341
-3634
-1873
-2370
-3969
-6351
-9069
-12264
-15479
-17557
-18226
-17177
-15535
-13056
-10140
-6839
-4444
-3189
-1612
523
3166
4898
6020
7252
7527
7482
7269
7442
7782
7127
6716
6474
6695
7051
7821
8705
9063
10243
11386
12626
12186
10412
7943
4372
835
-2936
-6237
-8944
-10493
-11555
-12293
-11871
-10473
-9022
-7952
-7939
-6698
-5488
-4897
-4788
-3952
-1852
311
866
-718
-2813
-5450
-7060
-9594
-11369
-11238
-8755
-5155
-1617
2168
6685
11756
15499
17680
18222
17340
16459
14824
10857
5692
893
-1543
-3100
-4826
-5454
-4377
-1318
2122
4655
7516
11181
14770
15679
13747
10916
8048
3797
-1856
-7157
-11890
-14448
-15669
-16582
-16302
-15555
-13172
-10447
-7983
-5461
-4414
-3011
-2054
-1737
-2741
-5621
-7272
-8682
-9899
-10750
-10962
-9090
-5682
-1567
2290
6562
10558
14220
16624
17309
17509
17270
15926
13238
9255
5642
2836
657
-624
-2131
-2543
-1859
455
2367
3348
5054
6943
8442
9225
9460
9002
7031
3561
-640
-5507
-9878
-13337
-15911
-17446
-17429
-15520
-13039
-10384
-7688
-5030
-2991
-1881
-1152
-742
-439
-100
101
-992
-2345
-3302
-4192
-4996
-5691
-5066
-4154
-2768
-1041
1397
4010
6553
9101
10952
12886
13341
12422
9838
6019
1733
-2825
-6344
-7409
-6496
-4179
-2130
439
4805
9448
12970
14296
14515
14544
12885
9326
5223
1074
-3001
-7756
-12204
-15176
-16216
-16388
-15660
-13979
-10525
-6322
-2233
2227
5438
7568
7573
6578
4728
1826
-1910
-5772
-9366
-11928
-13498
-13124
-10629
-7574
-3304
522
5411
9918
13352
15658
15951
16352
15620
14203
11771
8892
5973
2567
-667
-3206
-4430
-4383
-2662
-302
1989
3657
5152
7283
8622
9769
10565
10176
8603
5286
1208
-3160
-6336
-8722
-10870
-11759
-11582
-10966
-12221
-13438
-12358
-10089
-8072
-6993
-5141
-1315
2874
4973
4590
2364
317
-2536
-6440
-11229
-14130
-14453
-12851
-10062
-7342
-2300
2572
7177
9938
11035
12004
13490
14437
12573
7942
2969
-298
-2568
-4156
-5527
-5092
-2453
2375
6858
10696
14548
18553
21335
21714
20779
19265
16397
12157
5441
-3032
-10317
-16715
-20563
-22976
-23155
-21217
-17122
-11648
-6119
70
5213
9925
13135
15143
15171
12285
8004
2820
-1570
-6200
-10388
-13180
-14070
-12460
-10426
-8128
-5021
-552
4112
7038
8984
10653
12193
12572
11700
9736
7470
5181
2207
-1183
-4569
-5836
-5178
-4942
-6127
-6721
-5078
-1828
900
2598
4108
6148
8211
7098
3498
-503
-3412
-6025
-10221
-13180
-13654
-12308
-11375
-10893
-8826
-5688
-2315
-769
30
1721
4071
5637
3999
1018
-2069
-4666
-7856
-10958
-11672
-10605
-7891
-4243
640
5679
10651
14973
18212
19866
19990
19539
17383
13696
7984
1998
-3362
-6720
-8702
-10299
-9656
-6355
-763
4941
9635
13456
16485
18274
18710
17172
14347
10616
5945
791
-5522
-11148
-15240
-17317
-17380
-16352
-13504
-8984
-3232
1609
-3472
-4027
-5284
-8317
-11060
-10656
-8511
-7617
-8856
-9771
-7983
-4513
-1937
-1368
-1328
-1168
-154
-365
-1491
-3236
-4642
-4443
-4110
-3925
-4558
-4793
-3076
-323
1516
2533
3408
6178
8965
10409
10591
10864
10985
10076
7738
4443
3514
3867
3908
2567
838
852
1062
503
-23
-878
-1260
-1433
-2489
-5198
-8631
-10435
-10882
-10671
-10531
-10713
-9474
-6830
-4751
-4787
-6247
-6462
-5760
-5672
-6843
-8129
-7786
-7046
-7646
-9600
-10505
-10397
-10040
-9040
-7521
-4815
-1506
2044
5717
8777
10284
10636
11995
14526
15544
13646
10457
8689
7719
6044
3956
3261
4807
7299
9113
10334
12463
14873
15542
14057
11651
10094
8799
7246
5542
2265
-1584
-5327
-8176
-9328
-10078
-10266
-9059
-6597
-3866
-2471
-1965
-1327
-387
184
-1031
-3080
-5032
-6513
-8144
-10213
-11068
-10672
-9047
-6280
-3361
738
5042
8748
11450
12264
12330
11332
9988
7628
4358
1978
818
591
-1409
-4463
-5869
-4933
-2105
-309
416
1491
5190
9439
10083
8373
6264
5142
2389
-2889
-9233
-13628
-14238
-14839
-16149
-17436
-15197
-10876
-8096
-6555
-5962
-4136
-2051
-1811
-3122
-5532
-6891
-6101
-5868
-7035
-9522
-11303
-11031
-9403
-7901
-6871
-4596
175
6032
9973
12018
14173
17577
19960
18887
16025
14470
13329
11170
7203
3367
2491
2746
3152
3128
4248
7466
11175
14456
17012
18158
17753
16334
13582
10089
5937
1342
-2768
-6632
-10151
-13194
-14241
-13009
-10309
-6784
-4084
-681
2716
5180
5067
3437
2022
1
-2553
-6501
-9102
-10866
-12132
-12527
-11707
-10107
-9299
-7553
-5261
-1138
2866
5119
7065
9032
11820
12893
11368
8674
6629
4775
1282
-3253
-7843
-9981
-10303
-10612
-10094
-8136
-4427
-720
1925
4116
6466
8786
9397
7261
3750
754
-1995
-4647
-7632
-10562
-11265
-10567
-9271
-8823
-8897
-7471
-4456
-2106
-1352
-1486
-886
1404
2800
1811
-803
-2530
-2839
-3638
-5725
-7275
-5826
-2343
1160
3732
6228
10719
15149
17987
18513
17207
17061
16450
13488
8086
2390
-1110
-2900
-3564
-4208
-3789
-1406
2399
6182
8658
11182
14267
16853
17245
14447
10478
6643
2981
-987
-6297
-10608
-13346
-14796
-14471
-12938
-11065
-9414
-7149
-3225
1085
3330
3848
4734
6700
8081
5990
785
-3424
-6410
-9379
-13861
-18324
-19488
-17395
-14359
-12682
-9957
-4467
2349
8205
11467
13053
14533
14644
12519
7780
2669
-1535
-5831
-9219
-11532
-11734
-9412
-5954
-1809
2599
6734
11331
15016
16365
15951
13819
10781
7484
3137
-1436
-5706
-8899
-10324
-11126
-11043
-11044
-9805
-7123
-3766
-1111
323
2809
5168
6868
7023
5061
2681
250
-2372
-5147
-8646
-10595
-10733
-8514
-5441
-2269
1510
5317
10008
13079
14568
14907
15633
15945
13486
8077
1356
-3320
-6130
-8024
-10185
-10997
-9058
-4182
1258
4583
6815
10085
15712
20234
20426
16839
13613
11886
9131
2720
-5747
-11441
-14148
-16277
-19084
-21514
-19891
-15210
-10239
-7010
-4183
856
5683
8910
8651
5732
2483
-767
-4096
-8027
-12657
-16962
-19041
-18654
-17110
-15381
-13680
-10075
-3849
1882
5991
8535
11190
13914
14494
13500
11532
9393
7928
5244
2417
212
-263
415
1421
2695
3928
6009
7762
9774
10958
10560
8531
5900
3284
44
-2404
-4956
-6456
-6779
-6956
-7146
-7395
-6806
-5250
-3662
-2846
-1745
-249
2170
4159
4021
2536
717
-1356
-3601
-6809
-9626
-11091
-11776
-11165
-9684
-6872
-1851
3565
8014
9772
10021
11206
12524
11889
7738
2792
-496
-1527
-2831
-5629
-8071
-7461
-4667
-2476
-1470
-1088
2227
6056
8762
9251
8731
9760
9518
8006
4418
654
-1474
-3330
-5074
-6956
-8693
-8980
-7614
-5776
-4006
-3319
-1853
420
1897
1528
294
-233
-755
-1914
-3785
-5118
-5357
-5518
-5798
-6292
-6779
-6204
-5266
-3661
-1478
1152
3978
6454
8153
8742
8146
6827
4636
2770
1472
-336
-1360
-1843
-1035
100
944
2376
3416
3953
3959
3787
2470
806
-1411
-3200
-4462
-5740
-6193
-6702
-5925
-5867
-6087
-6195
-5873
-4502
-3480
-2421
-1064
1558
4868
7052
6163
3423
675
-1350
-3811
-6753
-9675
-10364
-9028
-7621
-6567
-5210
-2334
1035
3401
3626
3534
4661
5902
5146
3003
1597
1514
2174
1958
753
-75
736
3252
5129
5791
6218
7805
9983
10767
9795
8158
7126
6028
3709
454
-2137
-2939
-2750
-2721
-2282
-543
1850
3741
4206
4518
4752
4155
3029
860
-2089
-5279
-7797
-9534
-11296
-12551
-12853
-11889
-10003
-7653
-4937
-2045
1325
5176
7472
8640
9680
10467
10379
7662
4535
1493
-1422
-4194
-6763
-7179
-6769
-6068
-5039
-3582
-1000
1387
3153
4539
5898
6976
6816
4592
2037
97
-1169
-2816
-5004
-6508
-6582
-5119
-4643
-5309
-5861
-5137
-3467
-3188
-4463
-6493
-6609
-4885
-3788
-4455
-6525
-6916
-6382
-6815
-8733
-9872
-8203
-5253
-2871
-2163
-904
2351
5824
7474
7076
6060
6089
5696
3290
-365
-3006
-3164
-2205
-1082
237
3511
8130
13692
17714
19544
21716
23893
25095
22902
18127
12848
9617
6195
1274
-4493
-9237
-10153
-10056
-9686
-9743
-7882
-3912
-323
1612
2610
3902
4864
4088
272
-4055
-8065
-10802
-12622
-14485
-14690
-13716
-11786
-9637
-7536
-5111
-2973
-490
1698
3939
4187
4289
5443
6537
6938
4305
2015
640
-237
-1394
-3060
-3386
-2384
-411
933
1564
2765
4825
5904
5293
4473
2832
766
-1801
-4027
-5759
-7279
-6659
-4926
-2654
-2531
-3574
-3673
-2777
-1528
-2498
-4107
-4492
-3021
-2079
-3264
-5176
-6411
-7958
-10964
-13829
-15445
-15280
-13633
-10842
-6550
-1042
4626
9994
13522
15719
17036
17103
15351
12119
8287
2957
-1757
-4552
-5942
-6624
-5959
-2862
2091
7178
12256
16931
21326
24962
26321
25657
22774
19232
14422
7860
1330
-4903
-9895
-14107
-17150
-18229
-17938
-15749
-13054
-10159
-6879
-4027
-778
1247
2557
2811
2030
1225
-916
-3427
-5806
-7972
-9517
-9853
-10190
-9490
-8082
-6058
-4026
-2533
-17
2510
4405
5393
6378
6831
6856
5686
4157
2348
441
-521
-1505
-695
1147
2473
2782
3171
6121
9957
11590
10918
10536
11665
12097
8556
1832
-4495
-9211
-13100
-17352
-20402
-19988
-17351
-15123
-13452
-9686
-4551
79
2989
3994
4835
4813
2736
-1085
-5796
-9928
-13818
-17707
-20260
-20514
-18253
-14976
-9808
-3286
3370
9425
14466
19203
22293
23941
24441
23028
19907
14762
9089
4390
930
-1076
-2182
-1911
819
4519
8143
10929
13935
17155
18844
18670
16848
14377
11322
7817
3223
-2157
-6814
-10561
-13022
-14514
-14499
-13128
-10619
-7904
-5954
-4126
-2705
-864
598
531
-990
-3098
-5185
-6583
-8137
-9588
-9885
-10181
-9779
-8614
-7167
-5634
-5624
-4089
-1666
713
2591
3085
3879
4965
6365
5610
2764
-298
-3041
-4780
-7250
-9235
-9215
-6693
-2418
1055
4037
6985
9813
12414
13173
11912
8997
5214
2167
-1534
-6042
-11052
-14722
-15311
-15393
-15088
-15043
-13770
-9468
-4737
-451
3086
7504
12541
15007
13748
10500
7618
4584
-279
-6224
-10119
-11135
-9691
-7764
-5660
-1953
2692
7480
11189
14819
18148
19628
19408
17658
15224
12171
8815
5408
2149
-764
-2533
-2601
-1828
-557
1596
4007
6328
7563
7291
6350
5358
4744
3038
68
-2542
-4441
-6014
-8176
-9577
-9742
-8626
-7168
-5478
-3195
-1903
-1166
-720
196
1449
1210
176
-1880
-3649
-4111
-5628
-8368
-11215
-12891
-14120
-14982
-15178
-13973
-11051
-7166
-2901
1504
5805
9331
11784
12411
11374
9606
7509
4819
1304
-3127
-6889
-9550
-10555
-10175
-8113
-4768
-1025
3040
6392
9477
11957
13983
13976
12264
9767
5995
2025
-2110
-5920
-9353
-12248
-13832
-14429
-13964
-12190
-9147
-5650
-2307
1361
4789
7706
9252
9109
8507
7410
5482
3038
1489
1015
802
645
477
996
1860
3220
4417
5581
6754
7335
6893
5451
4643
3297
2223
1834
1612
2017
1829
1904
1864
2763
3980
4620
5657
6375
6734
6055
5166
4502
3300
1255
-1152
-3562
-5342
-6649
-8281
-9573
-9807
-9179
-8235
-6951
-5965
-5074
-3439
-2350
-1853
-1544
-1791
-1780
-1816
-3189
-5224
-7586
-9348
-10408
-11469
-11856
-11477
-9356
-7403
-5291
-2346
1407
5740
8569
10185
10648
10519
9475
7571
5816
4412
3284
2319
1540
1641
2082
2927
3702
3859
4153
3877
3259
2415
1442
726
236
-362
-1152
-994
-643
-541
-1312
-2354
-2788
-3478
-3681
-3986
-4249
-3940
-2514
-1276
-632
-1264
-1727
-1264
-1663
-1722
-2018
-1443
-240
771
1413
1401
2061
3006
3409
3278
2888
2763
3092
2466
1005
-1376
-3125
-3986
-4535
-4822
-5250
-4516
-2935
-651
1832
4139
6474
8277
10243
11495
11924
11213
9998
8534
5961
3339
177
-2602
-4940
-6411
-7612
-8551
-8378
-7948
-6922
-5362
-3480
-2190
-996
195
1256
1875
1981
1837
1634
1091
-51
-1110
-2578
-2742
-2587
-2602
-2559
-2677
-2688
-3404
-3063
-2008
-1234
-205
348
1266
2353
2371
3067
3843
4128
4186
3668
3289
2906
2333
1547
923
550
372
304
-439
-939
-569
-126
-354
-1242
-1805
-1227
-123
47
-583
-1438
-380
1758
2578
2992
2868
3707
5717
6128
5094
2765
988
-120
-2656
-6208
-9122
-9343
-8629
-8288
-8628
-8210
-6067
-3769
-2623
-2587
-2794
-2341
-950
-187
-1350
-2655
-2555
-1269
-357
-215
86
1154
3639
5566
6470
7073
8155
9791
10635
10296
9900
9716
9256
7960
5815
3614
2043
730
-383
-1504
-2226
-2632
-3075
-3224
-3274
-2009
-878
-781
-966
-1234
-840
-668
-959
-1041
-1392
-1239
-1491
-3035
-4638
-5539
-5298
-5181
-5612
-5520
-5182
-3820
-2647
-1823
-1035
-281
361
144
-719
-1871
-2455
-2856
-2844
-2830
-2276
-1204
-113
1216
2995
4087
5381
6191
6808
6756
6140
5572
4175
3244
1862
1139
43
-561
-525
-518
-476
-1025
-952
-1072
-414
124
56
701
1839
2390
1848
443
-300
-905
-2430
-4337
-6645
-7647
-8064
-8496
-8655
-8123
-6686
-4982
-3669
-1895
-396
1062
2242
2412
2822
2988
3785
4643
5048
5533
6197
7238
7756
7279
6649
5911
5254
4373
3105
2515
2102
2014
1067
446
282
95
641
160
634
1170
1853
2624
3161
4203
4639
4607
3631
2369
264
-2387
-4721
-6675
-7874
-8640
-8807
-8279
-7516
-6581
-4941
-2995
-1789
-971
-599
-880
-1423
-2554
-3353
-3962
-4112
-4360
-5491
-6180
-5901
-5170
-5099
-4595
-3381
-1832
-992
-825
-182
1190
3047
4179
4708
4880
5328
5896
6034
6349
6252
5821
5352
4342
2853
1281
83
-721
-1839
-2878
-2594
-2016
-1443
-1274
-877
-158
11
92
-984
-2145
-3106
-3100
-3253
-3570
-3802
-3853
-2753
-1935
-459
437
1419
2280
2212
2057
1765
1841
2101
1708
1443
1461
2017
2170
1792
1705
1840
3130
3331
3030
3500
3800
4394
4358
3754
4284
4064
3882
3776
3208
3471
3404
3078
2630
1885
1466
795
49
-84
-276
-115
-208
-171
-369
-654
-522
-658
-258
83
131
-416
-2531
-5339
-8259
-9909
-10996
-11826
-12366
-12682
-10992
-8844
-6942
-6080
-5103
-2705
-153
2336
4414
5424
5049
3849
2672
245
-1633
-406
1554
1782
915
579
1540
2908
3503
3842
4059
4781
4977
4542
4303
4385
3925
2342
1994
2312
-125
-4211
-6538
-6007
-5906
-8086
-10070
-9271
-6599
-4915
-4755
-4690
-2435
980
2756
3384
4127
5752
